7.14
1.15
7.61
1.25
2.53
4.43
3.62
3.11
1.50
0.29
0.10
0.62
0.92
1.05
0.98
0.30
0.82
4.55
0.00
2.71
1.35
5.57
0.17
0.13
4.28
0.00
10.44
0.00
8.61
0.01
48.05
0.00
0.01
0.00
6.76
8.73
5.44
0.00
9.80
32.62
7.19
9.94
0.00
0.00
0.00
0.00
0.00
3.70
20.34
0.00
15.90
5.91
273.67
3.07
8.44
219.99
14.07
198.49
62.61
6.33
12.24
4.32
11.50
6.36
42.87
14.51
99.55
4.52
140.30
112.49
115.33
22.97
8.94
7.73
160.83
-
623.37
-
477.51
-
-
-
-
-
-
-
-
-
567.99
-
-
-
-
0.00
-
-
-
-
-
-
5.09
1.56
629.33
4.51
3.86
46.96
132.50
22.35
0.00
2.74
2.19
6.73
38.11
5.02
7.48
4.10
181.69
5.03
307.49
4.61
26.42
6.09
3.78
3.05
427.28
-
519.22
-
-
-
-
-
-
0.11
-
-
-
-
-
-
-
-
-
-
-
-
-
-
-
-